nobs lift graph cw ew path cpp pl
5 9.535100e-02 2.621100e-02 4.643700e-02 3.880000e-04 3.643200e-02 6.234000e-03 2.360000e-04
5 9.328600e-02 2.427600e-02 4.502600e-02 3.270000e-04 1.598200e-02 7.164000e-03 1.840000e-04
5 8.985500e-02 2.494700e-02 4.363200e-02 3.730000e-04 3.325800e-02 6.639000e-03 2.380000e-04
5 9.091400e-02 2.404900e-02 3.857700e-02 3.370000e-04 4.069400e-02 5.865000e-03 1.880000e-04
5 8.906200e-02 2.495200e-02 4.854000e-02 3.290000e-04 1.738700e-02 8.377000e-03 1.390000e-04
5 8.967600e-02 2.390100e-02 4.058100e-02 1.600000e-04 3.703800e-02 8.035000e-03 6.200000e-05
5 8.960700e-02 2.611700e-02 4.870000e-02 1.620000e-04 2.757000e-02 7.987000e-03 6.500000e-05
5 6.418700e-02 2.682900e-02 5.242600e-02 1.650000e-04 5.879200e-02 8.378000e-03 6.600000e-05
5 6.374600e-02 2.351800e-02 4.216300e-02 1.680000e-04 2.311200e-02 7.878000e-03 6.200000e-05
5 5.581400e-02 2.620600e-02 4.907200e-02 1.780000e-04 1.637800e-02 6.376000e-03 6.300000e-05
7 6.238600e-02 3.380300e-02 5.827000e-02 1.660000e-04 5.429600e-02 7.529000e-03 6.500000e-05
7 5.876500e-02 3.216600e-02 6.693600e-02 1.740000e-04 3.350900e-02 8.839000e-03 8.400000e-05
7 5.803100e-02 3.223700e-02 7.099600e-02 1.710000e-04 6.000700e-02 8.953000e-03 6.700000e-05
7 5.609700e-02 2.951000e-02 6.063500e-02 1.590000e-04 5.199100e-02 8.085000e-03 6.400000e-05
7 5.644200e-02 3.353900e-02 7.892100e-02 1.730000e-04 2.049000e-02 8.537000e-03 6.300000e-05
7 5.588700e-02 3.077700e-02 6.669800e-02 1.570000e-04 2.002700e-02 6.733000e-03 7.600000e-05
7 5.546800e-02 2.868500e-02 6.141600e-02 1.720000e-04 2.153300e-02 8.020000e-03 6.000000e-05
7 5.617100e-02 2.978800e-02 6.397500e-02 1.710000e-04 2.663300e-02 8.066000e-03 6.000000e-05
7 5.643500e-02 3.074700e-02 6.202300e-02 1.640000e-04 5.292200e-02 1.072000e-02 9.500000e-05
7 5.964400e-02 3.333600e-02 7.159000e-02 1.970000e-04 2.647500e-02 9.507000e-03 1.130000e-04
9 6.435300e-02 4.276100e-02 1.132540e-01 2.200000e-04 6.395900e-02 1.021700e-02 9.400000e-05
9 5.955900e-02 3.903400e-02 9.367500e-02 1.720000e-04 7.536500e-02 1.088800e-02 6.800000e-05
9 5.790900e-02 3.720600e-02 8.546500e-02 1.640000e-04 5.211700e-02 9.452000e-03 6.500000e-05
9 5.765100e-02 3.694600e-02 8.790700e-02 1.590000e-04 7.598600e-02 8.254000e-03 6.200000e-05
9 5.760100e-02 4.011300e-02 9.564900e-02 1.630000e-04 3.856400e-02 1.023900e-02 6.800000e-05
9 5.842300e-02 4.274200e-02 1.088670e-01 1.670000e-04 1.683700e-02 8.933000e-03 6.000000e-05
9 5.873800e-02 3.947700e-02 1.015830e-01 1.680000e-04 9.470200e-02 1.026800e-02 6.900000e-05
9 5.746400e-02 3.805900e-02 9.141900e-02 1.720000e-04 2.004900e-02 8.959000e-03 6.200000e-05
9 5.754300e-02 4.005500e-02 9.869000e-02 1.640000e-04 3.573000e-02 8.570000e-03 6.300000e-05
9 5.758600e-02 3.821900e-02 9.449200e-02 1.710000e-04 5.420100e-02 9.031000e-03 6.500000e-05
11 6.054000e-02 4.541000e-02 1.194220e-01 1.690000e-04 9.259600e-02 1.123300e-02 7.000000e-05
11 5.915300e-02 4.745600e-02 1.277990e-01 1.690000e-04 4.087900e-02 1.012700e-02 6.200000e-05
11 6.033900e-02 4.866200e-02 1.284700e-01 1.700000e-04 1.069870e-01 9.787000e-03 6.600000e-05
11 5.915000e-02 4.552600e-02 1.219680e-01 1.620000e-04 6.275600e-02 1.187100e-02 9.000000e-05
11 6.467600e-02 5.149300e-02 1.499040e-01 1.730000e-04 3.760100e-02 1.233500e-02 7.000000e-05
11 5.875200e-02 4.453400e-02 1.135820e-01 1.720000e-04 3.390100e-02 1.140400e-02 7.300000e-05
11 5.940900e-02 4.670100e-02 1.249510e-01 1.680000e-04 5.342600e-02 1.054300e-02 6.300000e-05
11 5.908300e-02 4.771800e-02 1.166620e-01 1.650000e-04 8.803000e-02 9.302000e-03 6.600000e-05
11 5.961000e-02 4.912200e-02 1.335670e-01 1.740000e-04 6.661900e-02 9.681000e-03 6.500000e-05
11 5.977200e-02 4.557600e-02 1.316270e-01 1.660000e-04 4.645700e-02 1.109800e-02 6.600000e-05
13 6.354200e-02 5.630900e-02 1.702050e-01 1.690000e-04 6.951300e-02 1.273900e-02 7.200000e-05
13 6.117200e-02 5.888500e-02 1.772400e-01 1.860000e-04 4.254600e-02 1.215900e-02 7.600000e-05
13 6.264000e-02 5.711700e-02 1.748660e-01 2.000000e-04 5.118100e-02 1.160000e-02 6.600000e-05
13 6.118300e-02 5.661600e-02 1.708240e-01 2.190000e-04 7.127300e-02 1.390100e-02 1.230000e-04
13 6.228300e-02 5.895500e-02 1.835330e-01 1.780000e-04 5.273800e-02 1.439200e-02 1.310000e-04
13 6.114000e-02 6.087200e-02 1.915870e-01 1.740000e-04 5.960800e-02 1.655500e-02 7.500000e-05
13 6.203800e-02 5.517500e-02 1.644880e-01 1.640000e-04 8.234400e-02 1.497800e-02 7.100000e-05
13 6.281400e-02 6.075000e-02 1.666880e-01 1.830000e-04 3.350800e-02 1.173400e-02 6.200000e-05
13 6.226800e-02 5.470700e-02 1.511070e-01 1.670000e-04 5.501100e-02 1.184800e-02 7.400000e-05
13 6.051800e-02 5.778500e-02 1.798120e-01 1.710000e-04 9.454200e-02 1.055400e-02 6.500000e-05
15 6.345300e-02 6.523300e-02 2.130100e-01 1.750000e-04 8.736100e-02 1.163000e-02 6.300000e-05
15 6.660800e-02 6.405800e-02 1.978590e-01 1.730000e-04 4.614700e-02 1.359300e-02 6.600000e-05
15 6.698600e-02 6.626700e-02 2.201480e-01 1.710000e-04 6.123600e-02 1.360200e-02 6.900000e-05
15 6.540500e-02 6.708700e-02 2.123310e-01 1.660000e-04 5.546200e-02 1.524400e-02 8.800000e-05
15 6.407100e-02 6.796600e-02 2.091170e-01 1.700000e-04 7.871700e-02 1.154300e-02 6.600000e-05
15 6.150800e-02 6.396900e-02 2.036760e-01 1.820000e-04 6.204700e-02 1.316600e-02 7.100000e-05
15 6.212600e-02 6.144400e-02 1.930620e-01 1.690000e-04 2.541400e-02 1.262700e-02 6.100000e-05
15 6.302700e-02 6.766700e-02 2.112890e-01 1.690000e-04 5.484300e-02 1.203300e-02 6.500000e-05
15 6.382500e-02 6.514700e-02 2.118120e-01 1.750000e-04 7.465200e-02 1.331100e-02 6.800000e-05
15 6.582000e-02 6.664200e-02 2.125930e-01 1.710000e-04 4.592400e-02 1.379300e-02 7.000000e-05
17 6.833000e-02 7.802200e-02 2.643120e-01 1.700000e-04 6.054300e-02 1.468800e-02 7.300000e-05
17 7.088600e-02 7.250900e-02 2.661820e-01 1.770000e-04 3.669000e-02 1.645000e-02 6.900000e-05
17 6.647100e-02 7.452600e-02 2.557830e-01 1.700000e-04 5.475600e-02 1.446200e-02 7.000000e-05
17 7.020200e-02 6.945200e-02 2.367260e-01 1.740000e-04 5.162700e-02 1.493900e-02 6.800000e-05
17 6.809000e-02 7.634000e-02 2.481280e-01 1.700000e-04 3.626200e-02 1.537100e-02 7.600000e-05
17 6.696700e-02 7.595800e-02 2.603140e-01 1.700000e-04 1.543570e-01 1.229400e-02 6.500000e-05
17 6.844100e-02 7.157800e-02 2.522400e-01 1.690000e-04 5.265300e-02 1.395100e-02 6.700000e-05
17 7.316200e-02 7.928500e-02 2.931290e-01 1.690000e-04 8.124100e-02 1.641000e-02 7.200000e-05
17 7.298900e-02 7.124700e-02 2.542980e-01 1.720000e-04 5.321600e-02 1.334000e-02 6.400000e-05
17 6.676900e-02 7.312300e-02 2.513550e-01 1.770000e-04 4.700600e-02 1.486700e-02 6.900000e-05
19 7.297100e-02 8.448500e-02 3.076890e-01 1.740000e-04 3.280700e-02 1.720800e-02 7.000000e-05
19 8.186300e-02 8.618800e-02 3.082480e-01 1.710000e-04 1.329880e-01 1.612900e-02 6.800000e-05
19 7.244100e-02 8.498600e-02 3.093130e-01 1.730000e-04 4.587000e-02 1.444400e-02 6.400000e-05
19 7.559500e-02 7.968000e-02 3.194930e-01 1.690000e-04 1.259370e-01 1.579700e-02 7.200000e-05
19 7.383900e-02 8.231600e-02 3.017780e-01 1.750000e-04 8.347600e-02 1.659900e-02 6.900000e-05
19 7.141700e-02 8.140900e-02 3.122380e-01 1.690000e-04 9.728600e-02 1.556300e-02 6.700000e-05
19 7.034800e-02 8.258700e-02 3.075350e-01 1.740000e-04 2.207400e-02 1.391900e-02 6.400000e-05
19 6.819900e-02 8.190100e-02 3.177900e-01 1.670000e-04 1.608400e-02 1.439800e-02 7.500000e-05
19 8.093600e-02 8.084500e-02 3.046420e-01 1.750000e-04 7.091100e-02 1.336700e-02 6.500000e-05
19 8.048200e-02 8.259700e-02 3.097330e-01 1.730000e-04 4.457100e-02 1.342300e-02 6.600000e-05
21 8.365600e-02 9.173800e-02 3.857990e-01 1.720000e-04 8.096100e-02 1.716900e-02 6.400000e-05
21 8.618800e-02 8.934800e-02 3.589980e-01 1.720000e-04 3.568400e-02 1.738400e-02 8.100000e-05
21 7.487300e-02 9.087700e-02 3.455520e-01 1.680000e-04 8.303400e-02 1.552700e-02 6.900000e-05
21 7.497100e-02 9.336100e-02 3.882770e-01 1.730000e-04 9.345600e-02 1.520800e-02 6.400000e-05
21 8.076100e-02 9.456400e-02 3.769500e-01 1.800000e-04 9.982500e-02 1.628100e-02 6.700000e-05
21 8.740700e-02 9.069900e-02 3.625920e-01 1.690000e-04 3.698400e-02 1.599400e-02 6.800000e-05
21 7.975500e-02 9.232400e-02 3.773460e-01 1.710000e-04 3.642000e-02 1.745800e-02 6.400000e-05
21 8.807500e-02 9.545300e-02 3.766190e-01 1.680000e-04 8.631900e-02 1.575300e-02 7.100000e-05
21 8.118000e-02 9.235800e-02 3.690090e-01 1.720000e-04 7.406200e-02 1.792500e-02 7.100000e-05
21 7.826100e-02 9.478600e-02 3.762270e-01 1.770000e-04 5.260800e-02 1.623000e-02 6.600000e-05
23 9.808200e-02 1.027420e-01 4.528840e-01 1.740000e-04 4.007900e-02 1.793400e-02 7.100000e-05
23 9.443100e-02 1.069470e-01 4.615630e-01 1.680000e-04 5.748100e-02 1.698300e-02 6.700000e-05
23 9.158300e-02 9.956500e-02 4.117730e-01 1.990000e-04 5.276900e-02 1.791300e-02 7.500000e-05
23 9.337300e-02 1.005050e-01 4.497260e-01 1.840000e-04 4.692000e-02 1.641800e-02 6.600000e-05
23 9.272700e-02 1.018250e-01 4.459490e-01 1.830000e-04 6.244100e-02 1.911600e-02 6.700000e-05
23 9.418500e-02 9.979700e-02 4.418530e-01 1.730000e-04 6.740500e-02 2.066400e-02 9.300000e-05
23 8.590500e-02 1.054910e-01 4.414170e-01 1.780000e-04 1.438700e-02 1.844500e-02 6.500000e-05
23 9.108200e-02 1.030820e-01 4.402980e-01 1.880000e-04 5.291000e-02 1.615900e-02 6.200000e-05
23 9.585300e-02 1.017330e-01 4.391160e-01 1.860000e-04 1.037570e-01 1.937900e-02 7.400000e-05
23 8.945700e-02 9.991600e-02 4.554740e-01 1.710000e-04 2.641600e-02 1.920200e-02 7.000000e-05
25 1.013750e-01 1.118490e-01 4.984800e-01 2.130000e-04 9.214900e-02 1.866600e-02 7.300000e-05
25 1.041440e-01 1.096360e-01 5.098430e-01 1.710000e-04 1.865690e-01 1.839400e-02 7.100000e-05
25 1.104990e-01 1.109840e-01 5.250150e-01 1.720000e-04 3.171000e-02 2.028900e-02 6.900000e-05
25 1.138840e-01 1.135330e-01 5.292020e-01 1.730000e-04 1.204940e-01 1.782900e-02 7.100000e-05
25 1.049760e-01 1.095990e-01 4.978410e-01 1.740000e-04 1.258350e-01 2.058900e-02 7.300000e-05
25 1.058660e-01 1.109360e-01 5.085710e-01 1.930000e-04 1.070540e-01 1.972900e-02 8.500000e-05
25 1.051630e-01 1.127840e-01 5.139440e-01 2.200000e-04 3.691000e-02 1.797500e-02 6.700000e-05
25 1.140830e-01 1.127020e-01 5.310530e-01 1.760000e-04 5.042900e-02 2.056200e-02 6.900000e-05
25 9.759400e-02 1.131280e-01 5.144360e-01 1.730000e-04 5.789000e-02 1.736300e-02 8.100000e-05
25 1.044370e-01 1.110240e-01 4.929120e-01 1.740000e-04 3.488100e-02 2.154300e-02 8.000000e-05
27 1.259590e-01 1.160960e-01 5.798640e-01 1.800000e-04 2.594000e-02 2.089500e-02 6.400000e-05
27 9.794800e-02 1.210100e-01 1.942030e+00 1.740000e-04 4.332300e-02 2.073000e-02 6.600000e-05
27 1.230510e-01 1.233880e-01 6.257680e-01 1.900000e-04 9.819400e-02 2.092500e-02 7.200000e-05
27 1.201780e-01 1.267660e-01 5.929100e-01 1.790000e-04 1.325100e-01 1.986700e-02 7.000000e-05
27 1.155250e-01 1.247470e-01 5.869470e-01 1.770000e-04 4.168300e-02 1.758900e-02 6.700000e-05
27 1.174370e-01 1.181500e-01 5.605630e-01 1.710000e-04 1.401440e-01 2.012700e-02 6.700000e-05
27 1.012530e-01 1.263230e-01 5.980670e-01 1.770000e-04 1.107240e-01 1.958000e-02 7.400000e-05
27 1.094670e-01 1.287690e-01 5.779500e-01 1.920000e-04 1.415060e-01 2.008800e-02 7.300000e-05
27 1.147930e-01 1.260750e-01 5.865140e-01 1.700000e-04 6.174700e-02 1.718800e-02 7.500000e-05
27 1.129620e-01 1.191520e-01 5.825980e-01 1.740000e-04 4.872300e-02 1.996500e-02 7.300000e-05
29 1.741060e-01 1.328000e-01 6.984710e-01 1.790000e-04 5.816400e-02 1.998300e-02 6.800000e-05
29 1.136530e-01 1.282180e-01 6.627570e-01 1.750000e-04 1.077350e-01 2.034900e-02 7.300000e-05
29 1.420570e-01 1.366670e-01 6.853000e-01 1.790000e-04 1.590430e-01 2.007500e-02 7.700000e-05
29 1.059420e-01 1.238140e-01 6.443110e-01 2.070000e-04 4.371000e-02 2.082900e-02 7.600000e-05
29 1.278780e-01 1.282330e-01 6.343290e-01 1.730000e-04 1.223280e-01 2.239500e-02 7.300000e-05
29 1.227280e-01 1.311010e-01 6.611970e-01 1.720000e-04 8.090600e-02 2.096700e-02 6.900000e-05
29 1.505680e-01 1.355230e-01 6.737210e-01 1.700000e-04 1.532720e-01 2.167500e-02 7.300000e-05
29 1.257280e-01 1.244210e-01 6.513350e-01 1.750000e-04 3.576800e-02 2.428800e-02 6.800000e-05
29 1.235780e-01 1.281000e-01 6.464220e-01 1.740000e-04 3.561800e-02 2.018900e-02 6.600000e-05
29 1.410460e-01 1.396310e-01 7.003900e-01 1.690000e-04 1.135640e-01 2.024800e-02 8.500000e-05
31 1.466210e-01 1.406880e-01 7.127650e-01 1.680000e-04 2.799500e-02 2.181600e-02 7.300000e-05
31 1.499890e-01 1.404880e-01 7.475450e-01 1.760000e-04 1.470870e-01 2.123000e-02 7.200000e-05
31 1.603020e-01 1.475160e-01 7.992790e-01 1.740000e-04 7.447600e-02 2.211600e-02 7.000000e-05
31 1.381160e-01 1.373630e-01 7.323780e-01 1.760000e-04 5.816200e-02 2.155100e-02 6.900000e-05
31 1.472210e-01 1.441690e-01 7.551200e-01 1.710000e-04 1.140490e-01 2.216600e-02 7.100000e-05
31 1.480800e-01 1.368250e-01 7.230520e-01 1.730000e-04 4.503300e-02 2.177800e-02 7.000000e-05
31 1.551970e-01 1.426970e-01 7.377310e-01 1.750000e-04 9.510300e-02 2.182000e-02 6.900000e-05
31 1.807110e-01 1.389570e-01 7.644280e-01 2.190000e-04 1.899180e-01 2.246400e-02 7.100000e-05
31 1.681030e-01 1.349400e-01 7.507110e-01 1.720000e-04 9.919300e-02 2.421500e-02 7.500000e-05
31 1.380130e-01 1.375060e-01 7.200340e-01 1.860000e-04 4.798900e-02 2.389000e-02 7.400000e-05
33 2.148590e-01 1.514410e-01 8.351360e-01 2.090000e-04 5.828900e-02 2.467200e-02 6.900000e-05
33 1.912130e-01 1.492330e-01 7.990060e-01 1.760000e-04 4.132700e-02 2.133800e-02 6.800000e-05
33 1.834590e-01 1.563370e-01 8.605150e-01 1.750000e-04 3.046200e-02 2.589300e-02 8.600000e-05
33 2.014850e-01 1.563040e-01 8.656750e-01 1.750000e-04 1.491240e-01 2.303900e-02 7.400000e-05
33 1.935310e-01 1.434320e-01 8.310170e-01 1.970000e-04 2.964900e-02 2.429600e-02 7.200000e-05
33 1.669630e-01 1.508050e-01 8.391090e-01 1.780000e-04 2.483750e-01 2.196500e-02 7.200000e-05
33 1.741910e-01 1.453330e-01 8.031770e-01 1.770000e-04 4.957300e-02 2.397400e-02 7.100000e-05
33 2.027970e-01 1.533440e-01 8.089450e-01 1.730000e-04 8.366300e-02 2.224500e-02 6.900000e-05
33 1.606210e-01 1.437150e-01 8.198100e-01 1.730000e-04 5.348000e-02 2.219100e-02 6.700000e-05
33 1.513490e-01 1.474260e-01 7.394120e-01 1.720000e-04 1.009310e-01 2.308900e-02 8.200000e-05
35 2.630290e-01 1.588670e-01 8.831260e-01 1.760000e-04 2.474600e-02 2.406700e-02 9.700000e-05
35 1.861630e-01 1.584850e-01 9.424340e-01 1.780000e-04 3.791800e-02 2.610800e-02 6.500000e-05
35 2.217060e-01 1.549980e-01 8.833250e-01 1.700000e-04 1.430760e-01 2.221400e-02 7.300000e-05
35 2.037890e-01 1.535630e-01 8.974530e-01 1.780000e-04 2.312150e-01 2.387800e-02 6.900000e-05
35 1.763150e-01 1.550670e-01 9.007330e-01 1.720000e-04 3.063400e-02 2.372100e-02 7.500000e-05
35 2.135190e-01 1.621250e-01 9.335460e-01 1.790000e-04 7.417600e-02 2.565400e-02 7.200000e-05
35 2.052740e-01 1.535010e-01 9.095070e-01 1.740000e-04 3.251400e-02 2.284000e-02 6.600000e-05
35 2.051420e-01 1.546830e-01 8.924510e-01 1.780000e-04 2.524310e-01 2.388700e-02 7.200000e-05
35 1.918890e-01 1.552560e-01 8.933100e-01 1.810000e-04 2.792200e-02 2.481600e-02 7.100000e-05
35 2.439330e-01 1.611760e-01 9.256220e-01 1.720000e-04 2.809690e-01 2.571700e-02 7.100000e-05
37 2.859810e-01 1.702300e-01 1.018512e+00 1.960000e-04 8.878000e-02 2.484800e-02 7.500000e-05
37 2.566130e-01 1.706200e-01 1.047108e+00 1.780000e-04 5.374100e-02 2.307600e-02 6.900000e-05
37 2.079010e-01 1.704360e-01 1.013027e+00 1.800000e-04 2.333120e-01 2.396800e-02 7.200000e-05
37 2.666240e-01 1.667570e-01 1.010186e+00 2.040000e-04 6.132800e-02 2.770600e-02 7.900000e-05
37 1.839500e-01 1.692530e-01 1.022197e+00 1.790000e-04 1.469810e-01 2.667800e-02 6.900000e-05
37 2.285640e-01 1.653230e-01 9.948430e-01 1.750000e-04 1.150720e-01 2.540600e-02 7.000000e-05
37 2.141240e-01 1.593120e-01 1.000703e+00 2.130000e-04 1.209470e-01 2.529900e-02 8.700000e-05
37 1.981300e-01 1.614390e-01 1.011161e+00 1.790000e-04 7.663000e-02 2.680900e-02 7.100000e-05
37 2.449290e-01 1.765530e-01 9.899730e-01 1.820000e-04 6.155400e-02 2.525200e-02 7.600000e-05
37 2.523430e-01 1.752740e-01 1.026444e+00 1.760000e-04 1.027300e-01 2.449900e-02 7.300000e-05
39 3.254670e-01 1.818080e-01 1.119609e+00 1.740000e-04 3.728800e-02 2.699300e-02 7.200000e-05
39 3.888120e-01 1.810340e-01 1.168770e+00 1.760000e-04 2.129430e-01 2.659400e-02 7.800000e-05
39 3.019300e-01 1.962950e-01 1.145202e+00 1.750000e-04 6.457700e-02 2.660200e-02 7.700000e-05
39 2.979490e-01 1.766430e-01 1.137935e+00 1.800000e-04 7.612700e-02 2.744000e-02 7.300000e-05
39 2.749540e-01 1.793410e-01 1.163212e+00 1.800000e-04 3.099400e-02 2.654500e-02 7.000000e-05
39 3.199730e-01 1.796990e-01 1.153726e+00 1.710000e-04 1.505630e-01 2.674200e-02 7.900000e-05
39 2.890690e-01 1.850850e-01 1.136870e+00 1.730000e-04 1.083300e-01 2.592800e-02 7.300000e-05
39 2.542630e-01 1.734370e-01 1.116530e+00 1.730000e-04 1.017050e-01 2.548600e-02 7.100000e-05
39 2.164740e-01 1.740200e-01 1.063994e+00 1.730000e-04 1.943260e-01 2.512300e-02 8.000000e-05
39 2.972100e-01 1.778170e-01 1.119455e+00 1.720000e-04 1.464440e-01 2.453100e-02 7.300000e-05
41 4.237880e-01 1.872870e-01 1.196812e+00 1.770000e-04 6.586500e-02 2.811800e-02 7.200000e-05
41 3.838670e-01 1.973610e-01 1.258821e+00 1.750000e-04 2.429770e-01 2.770000e-02 7.300000e-05
41 3.393660e-01 1.819910e-01 1.196657e+00 1.880000e-04 7.354500e-02 2.721700e-02 6.900000e-05
41 3.162830e-01 1.859770e-01 1.231336e+00 1.760000e-04 2.156260e-01 2.625900e-02 7.200000e-05
41 3.123500e-01 1.897110e-01 1.201611e+00 1.750000e-04 1.336070e-01 2.708600e-02 7.300000e-05
41 4.059590e-01 2.012720e-01 1.216133e+00 1.870000e-04 4.828100e-02 2.825100e-02 8.600000e-05
41 3.363000e-01 1.879100e-01 1.218170e+00 1.780000e-04 2.453500e-02 2.624400e-02 6.900000e-05
41 2.986210e-01 1.860820e-01 1.232981e+00 1.910000e-04 1.886000e-02 2.943200e-02 7.300000e-05
41 3.111810e-01 1.853620e-01 1.170563e+00 1.730000e-04 7.699200e-02 2.665800e-02 8.000000e-05
41 3.126660e-01 1.847180e-01 1.199297e+00 1.770000e-04 6.996500e-02 2.563400e-02 7.400000e-05
43 4.374420e-01 1.910310e-01 1.350727e+00 1.880000e-04 1.875150e-01 2.746200e-02 7.600000e-05
43 3.502140e-01 1.919510e-01 1.289551e+00 1.820000e-04 4.296000e-02 2.509600e-02 6.700000e-05
43 4.079720e-01 1.955260e-01 1.313030e+00 1.840000e-04 2.699030e-01 2.688400e-02 7.400000e-05
43 4.185640e-01 2.022150e-01 1.342973e+00 1.710000e-04 1.477930e-01 2.578900e-02 6.800000e-05
43 4.889340e-01 2.000990e-01 1.313447e+00 1.860000e-04 1.084740e-01 2.857600e-02 7.300000e-05
43 4.286300e-01 1.995830e-01 1.350102e+00 1.740000e-04 2.487280e-01 2.782600e-02 7.400000e-05
43 4.221300e-01 2.019000e-01 1.325355e+00 1.750000e-04 7.570800e-02 2.838900e-02 7.000000e-05
43 5.382270e-01 2.105130e-01 1.340164e+00 1.810000e-04 9.590500e-02 2.681900e-02 7.800000e-05
43 4.348640e-01 1.958400e-01 1.367626e+00 1.930000e-04 2.279500e-02 2.757700e-02 7.000000e-05
43 3.403050e-01 1.992770e-01 1.309173e+00 1.740000e-04 1.387430e-01 3.011600e-02 7.800000e-05
45 6.478490e-01 2.159780e-01 1.494161e+00 1.730000e-04 3.040600e-02 2.868700e-02 7.000000e-05
45 3.693940e-01 2.064620e-01 1.428097e+00 1.780000e-04 1.589330e-01 3.191500e-02 8.200000e-05
45 6.571820e-01 2.073170e-01 1.478188e+00 1.830000e-04 1.562640e-01 2.828000e-02 7.200000e-05
45 5.096930e-01 2.087820e-01 1.500243e+00 1.870000e-04 6.492200e-02 2.916500e-02 8.800000e-05
45 6.426860e-01 2.143460e-01 1.413696e+00 1.760000e-04 5.204700e-02 2.744400e-02 7.600000e-05
45 5.343950e-01 2.101700e-01 1.424265e+00 1.800000e-04 1.740840e-01 2.707300e-02 7.000000e-05
45 6.298600e-01 2.122050e-01 1.493665e+00 1.740000e-04 1.079150e-01 3.213300e-02 7.300000e-05
45 5.528220e-01 2.194660e-01 1.472202e+00 1.880000e-04 1.586510e-01 3.005900e-02 8.600000e-05
45 3.727140e-01 2.128910e-01 1.442933e+00 3.120000e-04 1.764800e-01 2.745700e-02 7.300000e-05
45 4.232600e-01 2.192960e-01 1.450093e+00 2.110000e-04 1.307970e-01 3.134600e-02 9.300000e-05
47 5.469590e-01 2.161150e-01 1.566347e+00 3.540000e-04 9.745900e-02 2.962500e-02 8.500000e-05
47 6.425760e-01 2.278220e-01 1.595912e+00 2.860000e-04 4.701000e-01 2.796500e-02 7.600000e-05
47 7.708750e-01 2.221940e-01 1.625827e+00 1.630000e-04 1.448730e-01 3.086200e-02 7.300000e-05
47 6.218560e-01 2.180180e-01 1.584686e+00 1.660000e-04 1.355920e-01 2.863700e-02 8.000000e-05
47 6.629620e-01 2.259120e-01 1.592320e+00 1.620000e-04 1.329760e-01 3.317400e-02 8.300000e-05
47 4.845400e-01 2.089660e-01 1.600496e+00 1.680000e-04 9.698100e-02 3.066800e-02 7.400000e-05
47 6.116030e-01 2.459680e-01 1.559372e+00 1.640000e-04 1.774120e-01 2.868700e-02 7.500000e-05
47 5.854390e-01 2.307780e-01 1.574464e+00 1.680000e-04 1.099980e-01 2.834000e-02 7.100000e-05
47 6.370860e-01 2.166120e-01 1.577038e+00 1.700000e-04 4.840800e-02 2.704300e-02 7.000000e-05
47 5.718890e-01 2.133520e-01 1.563333e+00 1.640000e-04 3.415200e-02 2.945100e-02 7.700000e-05
49 6.745760e-01 2.300550e-01 1.691650e+00 1.700000e-04 6.242100e-02 3.157200e-02 7.100000e-05
49 5.853620e-01 2.305720e-01 1.722281e+00 1.670000e-04 4.799730e-01 3.131000e-02 7.400000e-05
49 6.200420e-01 2.323880e-01 1.698111e+00 1.670000e-04 7.818300e-02 3.070300e-02 7.800000e-05
49 7.313970e-01 2.280940e-01 1.730924e+00 1.590000e-04 2.460840e-01 3.182700e-02 9.300000e-05
49 7.128930e-01 2.390150e-01 1.713653e+00 1.620000e-04 3.088200e-02 2.868100e-02 7.000000e-05
49 6.658010e-01 2.359180e-01 1.750615e+00 1.710000e-04 5.938000e-02 3.158200e-02 7.400000e-05
49 8.184270e-01 2.272110e-01 1.747946e+00 1.700000e-04 8.744800e-02 3.159400e-02 7.300000e-05
49 7.645070e-01 2.239280e-01 1.675649e+00 1.660000e-04 6.409200e-02 3.012800e-02 7.100000e-05
49 7.658530e-01 2.343640e-01 1.670613e+00 1.650000e-04 1.491410e-01 3.110700e-02 7.700000e-05
49 6.833770e-01 2.317330e-01 1.676385e+00 1.600000e-04 1.037630e-01 2.952900e-02 7.100000e-05
51 8.684840e-01 2.603600e-01 1.844276e+00 1.660000e-04 1.653630e-01 3.042900e-02 7.700000e-05
51 7.019280e-01 2.435570e-01 1.832249e+00 1.610000e-04 5.653700e-02 3.133800e-02 7.500000e-05
51 8.631240e-01 2.378430e-01 1.833937e+00 1.620000e-04 1.620740e-01 3.190500e-02 8.300000e-05
51 7.101750e-01 2.352380e-01 1.776761e+00 1.670000e-04 1.506890e-01 3.079700e-02 7.700000e-05
51 7.042840e-01 2.489730e-01 1.783012e+00 1.660000e-04 9.863300e-02 3.164600e-02 7.800000e-05
51 6.889970e-01 2.372790e-01 1.797593e+00 1.750000e-04 5.153800e-02 3.180800e-02 7.200000e-05
51 7.304160e-01 2.468540e-01 1.859122e+00 1.660000e-04 1.762350e-01 3.075900e-02 7.700000e-05
51 9.590650e-01 2.438000e-01 1.829222e+00 1.700000e-04 9.115500e-02 3.196500e-02 7.600000e-05
51 7.374370e-01 2.330410e-01 1.780962e+00 1.750000e-04 2.204760e-01 3.140200e-02 7.900000e-05
51 7.280130e-01 2.476370e-01 2.070502e+00 1.830000e-04 2.466700e-01 3.849400e-02 8.600000e-05
53 1.080284e+00 2.708000e-01 2.055038e+00 1.670000e-04 1.170200e-01 3.204300e-02 7.300000e-05
53 8.111450e-01 2.585660e-01 1.945688e+00 1.630000e-04 9.337400e-02 3.474700e-02 7.700000e-05
53 1.186214e+00 2.524300e-01 1.989014e+00 1.650000e-04 1.302550e-01 3.051400e-02 9.300000e-05
53 8.810780e-01 2.604020e-01 1.906407e+00 1.660000e-04 2.734100e-01 3.315400e-02 7.600000e-05
53 8.919310e-01 2.505700e-01 1.944392e+00 1.610000e-04 2.778140e-01 3.309500e-02 8.000000e-05
53 7.609070e-01 2.506220e-01 1.979867e+00 1.690000e-04 7.777900e-02 3.483500e-02 9.000000e-05
53 7.719730e-01 2.550480e-01 1.964890e+00 1.660000e-04 1.864550e-01 3.308600e-02 7.300000e-05
53 1.345689e+00 2.675080e-01 2.028460e+00 1.850000e-04 1.155510e-01 3.399600e-02 7.800000e-05
53 1.115147e+00 2.470340e-01 1.890890e+00 1.600000e-04 4.444400e-02 3.495900e-02 8.800000e-05
53 1.453532e+00 2.609110e-01 2.000592e+00 1.620000e-04 2.483310e-01 3.185000e-02 9.600000e-05
55 9.989440e-01 2.773710e-01 2.032857e+00 1.640000e-04 7.085500e-02 3.332500e-02 7.600000e-05
55 9.234390e-01 2.601350e-01 2.091953e+00 1.850000e-04 9.521200e-02 3.472200e-02 7.600000e-05
55 9.458880e-01 2.754170e-01 2.063561e+00 1.620000e-04 5.521700e-02 3.490600e-02 7.100000e-05
55 1.064710e+00 2.634110e-01 2.069284e+00 1.660000e-04 1.932610e-01 3.509000e-02 7.600000e-05
55 1.089037e+00 2.745850e-01 2.114395e+00 1.620000e-04 8.822400e-02 3.419500e-02 7.600000e-05
55 1.088005e+00 2.668730e-01 2.006746e+00 2.160000e-04 9.688700e-02 3.386000e-02 7.000000e-05
55 7.461310e-01 2.767130e-01 2.101942e+00 1.720000e-04 3.899040e-01 2.958600e-02 7.800000e-05
55 9.874560e-01 2.533030e-01 2.087591e+00 1.620000e-04 1.701020e-01 3.533200e-02 7.400000e-05
55 1.146400e+00 2.568310e-01 2.103538e+00 1.700000e-04 1.660640e-01 3.706000e-02 8.100000e-05
55 1.241060e+00 2.653850e-01 2.031536e+00 1.680000e-04 1.058250e-01 3.266700e-02 7.200000e-05
57 1.253786e+00 2.627480e-01 2.172277e+00 1.650000e-04 2.316480e-01 3.546400e-02 7.600000e-05
57 1.415705e+00 2.746160e-01 2.250956e+00 1.630000e-04 5.198100e-02 3.440200e-02 7.300000e-05
57 1.018633e+00 2.799920e-01 2.252503e+00 1.640000e-04 1.016930e-01 3.317100e-02 7.500000e-05
57 1.699398e+00 2.706470e-01 2.259171e+00 1.620000e-04 1.537330e-01 3.262000e-02 7.600000e-05
57 1.000613e+00 2.616640e-01 2.166273e+00 1.730000e-04 6.809500e-02 3.642300e-02 7.300000e-05
57 1.296134e+00 2.650180e-01 2.189515e+00 1.910000e-04 1.698230e-01 3.478800e-02 7.400000e-05
57 1.139395e+00 2.669750e-01 2.153785e+00 1.620000e-04 5.899000e-02 3.693200e-02 8.800000e-05
57 1.032276e+00 2.875750e-01 2.331212e+00 1.620000e-04 1.272770e-01 3.440400e-02 8.400000e-05
57 1.259072e+00 2.712570e-01 2.199211e+00 1.650000e-04 1.898550e-01 3.468100e-02 7.800000e-05
57 9.227190e-01 2.674780e-01 2.176334e+00 1.660000e-04 1.429030e-01 3.220300e-02 7.300000e-05
59 1.485602e+00 2.930000e-01 2.333219e+00 1.630000e-04 2.429000e-02 3.169700e-02 7.200000e-05
59 1.479011e+00 2.854560e-01 2.401871e+00 1.770000e-04 1.317000e-01 3.435300e-02 7.500000e-05
59 1.356427e+00 2.877940e-01 2.418452e+00 1.620000e-04 6.539800e-02 3.705000e-02 8.300000e-05
59 1.743026e+00 2.917990e-01 2.384003e+00 1.630000e-04 5.748400e-02 3.653500e-02 8.000000e-05
59 1.021348e+00 2.806720e-01 2.300906e+00 1.710000e-04 3.535330e-01 3.610300e-02 7.700000e-05
59 1.483712e+00 2.866540e-01 2.417374e+00 1.600000e-04 1.545850e-01 3.662200e-02 7.500000e-05
59 1.445737e+00 2.922690e-01 2.413219e+00 1.680000e-04 7.042400e-02 3.608300e-02 7.300000e-05
59 1.334770e+00 2.782750e-01 2.336021e+00 1.610000e-04 4.412300e-02 3.529000e-02 7.800000e-05
59 1.130119e+00 2.856240e-01 2.376706e+00 1.620000e-04 2.181690e-01 3.345100e-02 7.400000e-05
59 1.486545e+00 3.172930e-01 2.416548e+00 1.750000e-04 1.121050e-01 3.937900e-02 8.000000e-05
